Exercício do Centro de Distribuição Parte A 


 Definindo um indice para cada localidade
L0: [177,57]
L1: [308,174]
L2: [464,286]
L3: [10,475]
L4: [381,274]
L5: [45,124]
L6: [8,382]
L7: [181,87]
L8: [112,144]
L9: [345,116]
L10: [347,430]
L11: [270,389]
L12: [158,355]
L13: [402,272]
L14: [382,480]
L15: [408,172]
L16: [376,219]
L17: [459,191]
L18: [328,106]
L19: [10,298]


 Grupo de possíveis centros: [2, 6, 7, 14, 15, 16, 18, 19]


 Definindo a distancia entre C - L
C2: [367.16, 192.04, 0.0, 491.77, 83.86, 449.23, 466.0, 345.96, 379.56, 207.51, 185.54, 219.65, 313.68, 63.56, 210.62, 127.01, 110.6, 95.13, 225.6, 454.16]
C6: [366.31, 365.05, 466.0, 93.02, 388.32, 260.64, 0.0, 341.99, 259.73, 429.33, 342.38, 262.09, 152.41, 409.07, 386.63, 451.77, 402.48, 489.78, 422.58, 84.02]
C7: [30.27, 153.94, 345.96, 424.01, 273.8, 140.94, 341.99, 0.0, 89.5, 166.54, 381.06, 314.84, 268.99, 288.21, 441.42, 242.39, 235.48, 296.82, 148.22, 271.59]
C14: [470.06, 314.82, 210.62, 372.03, 206.0, 490.21, 386.63, 441.42, 431.04, 365.88, 61.03, 144.31, 256.52, 208.96, 0.0, 309.1, 261.07, 299.08, 377.88, 414.14]
C15: [258.04, 100.02, 127.01, 500.21, 105.51, 366.16, 451.77, 242.39, 297.32, 84.29, 265.11, 257.16, 309.82, 100.18, 309.1, 0.0, 56.86, 54.42, 103.71, 417.47]
C16: [256.6, 81.54, 110.6, 446.65, 55.23, 344.36, 402.48, 235.48, 274.45, 107.56, 212.98, 200.34, 256.94, 59.03, 261.07, 56.86, 0.0, 87.6, 122.77, 374.43]
C18: [158.75, 70.88, 225.6, 487.12, 176.16, 283.57, 422.58, 148.22, 219.32, 19.72, 324.56, 288.88, 301.5, 181.75, 377.88, 103.71, 122.77, 156.16, 0.0, 371.47]
C19: [293.21, 322.77, 454.16, 177.0, 371.78, 177.49, 84.02, 271.59, 184.72, 381.25, 361.93, 275.47, 158.6, 392.86, 414.14, 417.47, 374.43, 461.57, 371.47, 0.0]

Centros e as suas localidades
CD7 - (181.00,87.00): 0(177.00,57.00) [151.35]  1(308.00,174.00) [1385.46]  5(45.00,124.00) [986.58]  7(181.00,87.00) [0.00]  8(112.00,144.00) [268.50]   Soma CD7 = (2791.89)
CD14 - (382.00,480.00): 2(464.00,286.00) [421.24]  10(347.00,430.00) [305.15]  11(270.00,389.00) [288.62]  13(402.00,272.00) [1671.68]  14(382.00,480.00) [0.00]   Soma CD14 = (2686.69)
CD15 - (408.00,172.00): 4(381.00,274.00) [949.59]  9(345.00,116.00) [252.87]  15(408.00,172.00) [0.00]  16(376.00,219.00) [170.58]  17(459.00,191.00) [380.94]  18(328.00,106.00) [1037.10]   Soma CD15 = (2791.08)
CD19 - (10.00,298.00): 3(10.00,475.00) [1770.00]  6(8.00,382.00) [168.04]  12(158.00,355.00) [634.40]  19(10.00,298.00) [0.00]   Soma CD19 = (2572.44)

* * * Dados de saida * * * 

Valor otimo = 2791.89

Valor maximo = 2791.89

Valor minimo = 2572.44

Soma de todos os centos = 10842.10

Tempo do Programa foi de 0.14 minutos"
