Exercício do Centro de Distribuição Parte A 


 Definindo um indice para cada localidade
L0: [333,115]
L1: [159,96]
L2: [234,135]
L3: [283,299]
L4: [193,439]
L5: [494,444]
L6: [465,132]
L7: [315,129]
L8: [92,100]
L9: [297,156]
L10: [395,376]
L11: [480,232]
L12: [464,220]
L13: [314,430]
L14: [305,335]
L15: [77,350]
L16: [213,459]
L17: [403,169]
L18: [116,411]
L19: [164,439]
L20: [477,18]
L21: [2,341]
L22: [111,57]
L23: [460,316]
L24: [316,495]
L25: [400,287]
L26: [208,4]
L27: [302,394]
L28: [433,358]
L29: [416,332]
L30: [135,337]
L31: [383,461]
L32: [453,248]
L33: [355,399]
L34: [398,184]
L35: [66,283]
L36: [81,315]
L37: [206,299]
L38: [37,6]
L39: [355,372]
L40: [479,189]
L41: [332,185]
L42: [481,22]
L43: [341,81]
L44: [82,207]
L45: [288,38]
L46: [186,297]
L47: [183,432]
L48: [354,127]
L49: [320,493]


 Grupo de possíveis centros: [0, 1, 3, 5, 7, 8, 9, 10, 12, 14, 16, 18, 19, 24, 26, 28, 29, 30, 31, 32, 33, 35, 36, 38, 40, 41, 42, 43, 45, 46, 48]


 Definindo a distancia entre C - L
C0: [0.0, 175.03, 101.0, 190.67, 352.95, 366.28, 133.09, 22.8, 241.47, 54.56, 268.26, 187.88, 167.89, 315.57, 221.77, 347.51, 364.33, 88.41, 367.02, 365.43, 173.62, 400.8, 229.45, 237.76, 380.38, 184.59, 167.17, 280.72, 262.77, 232.33, 297.47, 349.59, 179.13, 284.85, 94.79, 315.46, 321.72, 223.57, 315.43, 257.94, 163.68, 70.01, 174.79, 34.93, 267.33, 89.19, 233.95, 350.7, 24.19, 378.22]
C1: [175.03, 0.0, 84.53, 237.88, 344.68, 483.04, 308.11, 159.45, 67.12, 150.48, 366.19, 348.62, 329.24, 368.21, 280.07, 266.91, 366.99, 254.69, 317.92, 343.04, 327.43, 290.99, 61.85, 372.83, 428.78, 307.51, 104.24, 330.53, 379.1, 348.92, 242.19, 428.25, 330.97, 360.87, 254.69, 208.85, 232.48, 208.37, 151.6, 338.51, 333.24, 194.55, 330.39, 182.62, 135.09, 141.44, 202.81, 336.86, 197.45, 428.4]
C3: [190.67, 237.88, 171.16, 0.0, 166.43, 256.02, 247.01, 172.99, 275.83, 143.68, 135.92, 208.08, 197.49, 134.62, 42.19, 212.22, 174.64, 176.92, 201.08, 183.74, 341.46, 284.12, 296.9, 177.81, 198.76, 117.61, 304.38, 96.88, 161.19, 137.03, 152.8, 190.38, 177.49, 123.22, 162.63, 217.59, 202.63, 77.0, 382.58, 102.53, 224.76, 124.08, 340.49, 225.58, 221.05, 261.05, 97.02, 166.4, 186.08, 197.5]
C5: [366.28, 483.04, 403.83, 256.02, 301.04, 0.0, 313.34, 362.31, 529.09, 348.93, 120.1, 212.46, 226.0, 180.54, 218.18, 427.46, 281.4, 289.67, 379.44, 330.04, 426.34, 502.67, 544.48, 132.44, 185.16, 182.99, 524.78, 198.4, 105.44, 136.48, 374.61, 112.29, 200.24, 146.1, 277.16, 457.28, 432.68, 322.44, 633.0, 156.54, 255.44, 305.49, 422.2, 393.93, 475.3, 455.27, 341.28, 311.23, 346.54, 180.77]
C7: [22.8, 159.45, 81.22, 172.99, 333.14, 362.31, 150.03, 0.0, 224.88, 32.45, 259.63, 194.51, 174.59, 301.0, 206.24, 324.78, 345.4, 96.66, 345.14, 344.82, 196.38, 378.04, 216.33, 236.63, 366.0, 179.41, 164.54, 265.32, 257.61, 226.74, 275.07, 338.89, 182.22, 272.95, 99.57, 292.77, 298.92, 201.94, 304.0, 246.27, 174.63, 58.52, 197.5, 54.59, 245.71, 94.92, 211.81, 330.5, 39.05, 364.03]
C8: [241.47, 67.12, 146.25, 275.83, 353.73, 529.09, 374.37, 224.88, 0.0, 212.51, 409.86, 409.84, 390.88, 397.72, 317.17, 250.45, 378.84, 318.56, 311.92, 346.56, 393.64, 257.26, 47.01, 426.71, 454.09, 360.32, 150.57, 361.3, 427.6, 398.5, 240.87, 463.68, 390.16, 398.21, 317.32, 184.84, 215.28, 229.34, 108.91, 378.36, 397.1, 254.61, 396.74, 249.72, 107.47, 205.57, 218.28, 344.25, 263.39, 454.35]
C9: [54.56, 150.48, 66.41, 143.68, 301.5, 348.93, 169.71, 32.45, 212.51, 0.0, 240.84, 198.15, 178.84, 274.53, 179.18, 293.32, 314.43, 106.79, 312.71, 312.69, 226.81, 348.21, 210.71, 228.41, 339.53, 166.64, 176.14, 238.05, 243.52, 212.45, 242.91, 316.89, 181.11, 249.83, 104.81, 263.61, 268.21, 169.5, 300.17, 223.65, 184.97, 45.45, 227.62, 86.95, 220.97, 118.34, 179.45, 298.62, 63.95, 337.78]
C10: [268.26, 366.19, 289.83, 135.92, 211.6, 120.1, 253.84, 259.63, 409.86, 240.84, 0.0, 167.22, 170.58, 97.35, 98.9, 319.06, 200.03, 207.15, 281.19, 239.44, 367.27, 394.56, 427.1, 88.46, 142.84, 89.14, 416.36, 94.73, 42.05, 48.75, 262.91, 85.84, 140.53, 46.14, 192.02, 341.89, 319.87, 204.08, 514.84, 40.2, 205.0, 201.12, 364.3, 299.9, 355.71, 354.53, 223.43, 219.27, 252.35, 138.97]
C12: [167.89, 329.24, 245.2, 197.49, 348.43, 226.0, 88.01, 174.59, 390.88, 178.84, 170.58, 20.0, 0.0, 258.07, 196.23, 408.25, 346.59, 79.51, 396.97, 371.43, 202.42, 477.58, 388.82, 96.08, 312.3, 92.66, 334.95, 237.74, 141.44, 121.85, 349.18, 254.25, 30.08, 209.58, 75.18, 402.96, 394.61, 269.82, 477.62, 187.04, 34.44, 136.56, 198.73, 185.61, 382.22, 253.18, 288.47, 352.0, 144.05, 308.65]
C14: [221.77, 280.07, 212.23, 42.19, 152.84, 218.18, 258.47, 206.24, 317.17, 179.18, 98.9, 203.06, 196.23, 95.43, 0.0, 228.49, 154.4, 192.77, 203.71, 175.21, 360.66, 303.06, 339.0, 156.16, 160.38, 106.44, 344.92, 59.08, 130.05, 111.04, 170.01, 148.19, 171.68, 81.22, 177.34, 244.59, 224.89, 105.34, 424.34, 62.2, 227.14, 152.41, 359.09, 256.54, 257.12, 297.49, 124.92, 155.86, 213.69, 158.71]
C16: [364.33, 366.99, 324.68, 174.64, 28.28, 281.4, 412.84, 345.4, 378.84, 314.43, 200.03, 350.45, 346.59, 105.08, 154.4, 174.29, 0.0, 346.7, 108.23, 52.92, 513.98, 241.75, 414.74, 285.41, 109.11, 254.07, 455.03, 110.21, 242.08, 239.45, 144.8, 170.01, 319.56, 154.16, 331.44, 229.31, 195.35, 160.15, 485.99, 166.53, 379.02, 298.73, 512.63, 399.08, 284.02, 427.63, 164.23, 40.36, 360.7, 112.27]
C18: [367.02, 317.92, 300.17, 201.08, 81.93, 379.44, 446.81, 345.14, 311.92, 312.71, 281.19, 405.63, 396.97, 198.91, 203.71, 72.4, 108.23, 375.41, 0.0, 55.57, 533.64, 133.78, 354.04, 356.88, 216.92, 309.89, 417.27, 186.78, 321.4, 310.23, 76.4, 271.64, 374.35, 239.3, 362.01, 137.42, 102.18, 143.68, 412.63, 242.16, 425.5, 312.62, 533.43, 399.41, 206.81, 410.75, 133.78, 70.21, 370.54, 219.86]
C19: [365.43, 343.04, 311.96, 183.74, 29.0, 330.04, 429.94, 344.82, 346.56, 312.69, 239.44, 377.76, 371.43, 150.27, 175.21, 124.46, 52.92, 360.58, 55.57, 0.0, 524.6, 189.34, 385.66, 320.54, 161.99, 280.71, 437.22, 145.15, 280.93, 273.78, 106.04, 220.1, 346.41, 195.14, 346.09, 184.23, 149.21, 146.16, 451.24, 202.41, 402.15, 304.53, 523.81, 399.37, 246.07, 419.73, 143.69, 20.25, 365.3, 165.08]
C24: [380.38, 428.78, 369.22, 198.76, 135.15, 185.16, 392.39, 366.0, 454.09, 339.53, 142.84, 309.94, 312.3, 65.03, 160.38, 279.55, 109.11, 337.41, 216.92, 161.99, 503.44, 349.73, 483.6, 229.73, 0.0, 224.32, 502.74, 101.97, 180.16, 191.23, 240.26, 75.13, 282.45, 103.62, 321.63, 327.79, 296.02, 224.76, 562.99, 129.03, 346.71, 310.41, 500.95, 414.75, 371.08, 457.86, 236.86, 147.17, 369.96, 4.47]
C26: [167.17, 104.24, 133.56, 304.38, 435.26, 524.78, 287.11, 164.54, 150.57, 176.14, 416.36, 354.92, 334.95, 438.99, 344.92, 369.97, 455.03, 255.44, 417.27, 437.22, 269.36, 394.97, 110.54, 401.06, 502.74, 341.98, 0.0, 401.17, 419.45, 388.39, 340.91, 489.36, 345.78, 421.47, 261.73, 313.06, 335.93, 295.01, 171.01, 396.27, 328.12, 219.4, 273.59, 153.68, 238.92, 86.93, 293.82, 428.73, 190.91, 501.66]
C28: [262.77, 379.1, 298.88, 161.19, 253.3, 105.44, 228.25, 257.61, 427.6, 243.52, 42.05, 134.48, 141.44, 139.09, 130.05, 356.09, 242.08, 191.37, 321.4, 280.93, 342.84, 431.34, 440.78, 49.93, 180.16, 78.29, 419.45, 135.86, 0.0, 31.06, 298.74, 114.49, 111.8, 88.12, 177.49, 374.59, 354.62, 234.54, 529.83, 79.25, 175.15, 200.32, 339.41, 291.88, 382.1, 351.32, 254.42, 260.72, 244.14, 176.05]
C29: [232.33, 348.92, 268.2, 137.03, 247.34, 136.48, 205.92, 226.74, 398.5, 212.45, 48.75, 118.73, 121.85, 141.45, 111.04, 339.48, 239.45, 163.52, 310.23, 273.78, 319.87, 414.1, 410.67, 46.82, 191.23, 47.76, 388.39, 129.77, 31.06, 0.0, 281.04, 133.15, 91.79, 90.61, 149.09, 353.41, 335.43, 212.58, 499.92, 72.95, 156.26, 169.31, 316.74, 261.97, 356.62, 320.66, 232.65, 253.55, 214.17, 187.45]
C30: [297.47, 242.19, 224.96, 152.8, 117.34, 374.61, 388.49, 275.07, 240.87, 242.91, 262.91, 360.62, 349.18, 201.72, 170.01, 59.44, 144.8, 316.3, 76.4, 106.04, 467.68, 133.06, 281.03, 325.68, 240.26, 269.68, 340.91, 176.46, 298.74, 281.04, 0.0, 277.27, 330.22, 228.57, 304.27, 87.62, 58.31, 80.53, 345.2, 222.77, 374.49, 248.82, 467.91, 328.59, 140.39, 335.87, 64.82, 106.44, 303.42, 241.99]
C31: [349.59, 428.25, 358.44, 190.38, 191.27, 112.29, 339.06, 338.89, 463.68, 316.89, 85.84, 248.7, 254.25, 75.64, 148.19, 325.51, 170.01, 292.68, 271.64, 220.1, 452.86, 399.45, 487.03, 164.18, 75.13, 174.83, 489.36, 105.12, 114.49, 133.15, 277.27, 0.0, 224.21, 68.03, 277.41, 363.56, 335.44, 239.94, 571.61, 93.3, 288.44, 280.67, 449.81, 382.31, 393.85, 433.54, 256.33, 202.09, 335.26, 70.66]
C32: [179.13, 330.97, 246.43, 177.49, 322.62, 200.24, 116.62, 182.22, 390.16, 181.11, 140.53, 31.38, 30.08, 229.01, 171.68, 389.59, 319.56, 93.49, 374.35, 346.41, 231.25, 460.49, 391.72, 68.36, 282.45, 65.8, 345.78, 210.04, 111.8, 91.79, 330.22, 224.21, 0.0, 180.01, 84.39, 388.58, 377.99, 252.21, 481.27, 158.05, 64.47, 136.42, 227.73, 201.08, 373.26, 267.07, 271.46, 326.74, 156.34, 278.77]
C33: [284.85, 360.87, 290.41, 123.22, 166.87, 146.1, 288.77, 272.95, 398.21, 249.83, 46.14, 208.6, 209.58, 51.4, 81.22, 282.29, 154.16, 234.96, 239.3, 195.14, 400.06, 357.73, 420.12, 133.84, 103.62, 120.7, 421.47, 53.24, 88.12, 90.61, 228.57, 68.03, 180.01, 0.0, 219.26, 311.41, 286.59, 179.45, 505.54, 27.0, 243.88, 215.23, 397.5, 318.31, 333.76, 367.16, 197.4, 175.14, 272.0, 100.3]
C35: [315.46, 208.85, 223.89, 217.59, 201.16, 457.28, 426.62, 292.77, 184.84, 263.61, 341.89, 417.13, 402.96, 288.29, 244.59, 67.9, 229.31, 355.76, 137.42, 184.23, 489.03, 86.37, 230.44, 395.38, 327.79, 334.02, 313.06, 260.8, 374.59, 353.41, 87.62, 363.56, 388.58, 311.41, 346.45, 0.0, 35.34, 140.91, 278.51, 302.39, 423.56, 283.48, 490.25, 341.22, 77.67, 330.62, 120.81, 189.45, 327.54, 329.57]
C36: [321.72, 232.48, 236.24, 202.63, 167.09, 432.68, 425.38, 298.92, 215.28, 268.21, 319.87, 407.54, 394.61, 259.83, 224.89, 35.23, 195.35, 353.55, 102.18, 149.21, 495.0, 83.17, 259.74, 379.0, 296.02, 320.23, 335.93, 234.7, 354.62, 335.43, 58.31, 335.44, 377.99, 286.59, 343.0, 35.34, 0.0, 126.02, 312.12, 279.87, 417.47, 282.67, 495.83, 349.79, 108.0, 345.8, 106.53, 155.22, 331.47, 298.0]
C38: [315.43, 151.6, 235.48, 382.58, 460.24, 633.0, 446.16, 304.0, 108.91, 300.17, 514.84, 497.32, 477.62, 506.46, 424.34, 346.32, 485.99, 400.66, 412.63, 451.24, 440.16, 336.82, 89.87, 524.43, 562.99, 459.05, 171.01, 469.86, 529.83, 499.92, 345.2, 571.61, 481.27, 505.54, 402.5, 278.51, 312.12, 338.25, 0.0, 484.85, 478.39, 345.06, 444.29, 313.11, 205.98, 253.03, 326.93, 450.32, 339.31, 563.26]
C40: [163.68, 333.24, 250.88, 224.76, 379.86, 255.44, 58.69, 174.63, 397.1, 184.97, 205.0, 43.01, 34.44, 292.07, 227.14, 433.04, 379.02, 78.59, 425.5, 402.15, 171.01, 500.63, 390.96, 128.41, 346.71, 125.88, 328.12, 270.84, 175.15, 156.26, 374.49, 288.44, 64.47, 243.88, 81.15, 423.56, 417.47, 294.33, 478.39, 221.05, 0.0, 147.05, 167.01, 175.24, 397.41, 243.48, 312.27, 382.97, 139.53, 343.07]
C41: [70.01, 194.55, 110.02, 124.08, 289.55, 305.49, 143.17, 58.52, 254.61, 45.45, 201.12, 155.28, 136.56, 245.66, 152.41, 303.73, 298.73, 72.78, 312.62, 304.53, 221.17, 365.02, 255.39, 183.15, 310.41, 122.59, 219.4, 211.14, 200.32, 169.31, 248.82, 280.67, 136.42, 215.23, 66.01, 283.48, 282.67, 169.92, 345.06, 188.41, 147.05, 0.0, 220.84, 104.39, 250.97, 153.44, 184.01, 288.46, 62.03, 308.23]
C42: [174.79, 330.39, 271.62, 340.49, 506.79, 422.2, 111.16, 197.5, 396.74, 227.62, 364.3, 210.0, 198.73, 440.85, 359.09, 520.38, 512.63, 166.41, 533.43, 523.81, 5.66, 575.5, 371.65, 294.75, 500.95, 277.1, 273.59, 412.83, 339.41, 316.74, 467.91, 449.81, 227.73, 397.5, 182.02, 490.25, 495.83, 390.33, 444.29, 371.99, 167.01, 220.84, 0.0, 151.92, 439.8, 193.66, 403.3, 506.86, 164.78, 497.76]
C43: [34.93, 182.62, 119.85, 225.58, 387.39, 393.93, 134.08, 54.59, 249.72, 86.95, 299.9, 205.24, 185.61, 350.04, 256.54, 376.9, 399.08, 107.65, 399.41, 399.37, 149.88, 427.22, 231.25, 263.41, 414.75, 214.28, 153.68, 315.42, 291.88, 261.97, 328.59, 382.31, 201.08, 318.31, 117.72, 341.22, 349.79, 256.42, 313.11, 291.34, 175.24, 104.39, 151.92, 0.0, 288.02, 68.25, 265.86, 384.92, 47.8, 412.53]
C45: [89.19, 141.44, 111.02, 261.05, 412.1, 455.27, 200.41, 94.92, 205.57, 118.34, 354.53, 272.95, 253.18, 392.86, 297.49, 376.65, 427.63, 174.32, 410.75, 419.73, 190.06, 416.66, 178.02, 326.91, 457.86, 273.03, 86.93, 356.28, 351.32, 320.66, 335.87, 433.54, 267.07, 367.16, 182.8, 330.62, 345.8, 273.58, 253.03, 340.65, 243.48, 153.44, 193.66, 68.25, 266.45, 0.0, 278.36, 407.75, 110.8, 456.12]
C46: [233.95, 202.81, 168.96, 97.02, 142.17, 341.28, 324.14, 211.81, 218.28, 179.45, 223.43, 301.1, 288.47, 184.59, 124.92, 121.2, 164.23, 251.94, 133.78, 143.69, 403.14, 189.19, 251.45, 274.66, 236.86, 214.23, 293.82, 151.21, 254.42, 232.65, 64.82, 256.33, 271.46, 197.4, 240.24, 120.81, 106.53, 20.1, 326.93, 184.89, 312.27, 184.01, 403.3, 265.86, 137.54, 278.36, 0.0, 135.03, 239.01, 237.43]
C48: [24.19, 197.45, 120.27, 186.08, 351.09, 346.54, 111.11, 39.05, 263.39, 63.95, 252.35, 164.02, 144.05, 305.63, 213.69, 355.61, 360.7, 64.54, 370.54, 365.3, 164.35, 411.95, 252.88, 216.7, 369.96, 166.48, 190.91, 272.02, 244.14, 214.17, 303.42, 335.26, 156.34, 272.0, 72.01, 327.54, 331.47, 226.91, 339.31, 245.0, 139.53, 62.03, 164.78, 47.8, 283.52, 110.8, 239.01, 349.67, 0.0, 367.58]


 Centros e as suas Localidades
CD0 - (333,115): CD0L0(333,115)  CD0L7(315,129)  CD0L43(341,81)  CD0L48(354,127)   Soma CD0 = (552.10)
CD1 - (159,96): CD1L1(159,96)  CD1L2(234,135)  CD1L8(92,100)  CD1L22(111,57)   Soma CD1 = (1541.46)
CD3 - (283,299): CD3L3(283,299)  CD3L14(305,335)   Soma CD3 = (295.33)
CD12 - (464,220): CD12L6(465,132)  CD12L11(480,232)  CD12L12(464,220)  CD12L32(453,248)  CD12L40(479,189)   Soma CD12 = (777.10)
CD19 - (164,439): CD19L4(193,439)  CD19L16(213,459)  CD19L18(116,411)  CD19L19(164,439)  CD19L47(183,432)   Soma CD19 = (1044.94)
CD24 - (316,495): CD24L24(316,495)  CD24L49(320,493)   Soma CD24 = (40.23)
CD28 - (433,358): CD28L5(494,444)  CD28L10(395,376)  CD28L28(433,358)   Soma CD28 = (526.57)
CD29 - (416,332): CD29L23(460,316)  CD29L25(400,287)  CD29L29(416,332)   Soma CD29 = (613.36)
CD33 - (355,399): CD33L13(314,430)  CD33L27(302,394)  CD33L31(383,461)  CD33L33(355,399)  CD33L39(355,372)   Soma CD33 = (824.18)
CD35 - (66,283): CD35L15(77,350)  CD35L21(2,341)  CD35L35(66,283)  CD35L36(81,315)  CD35L44(82,207)   Soma CD35 = (1281.05)
CD38 - (37,6): CD38L38(37,6)   Soma CD38 = (0.00)
CD41 - (332,185): CD41L9(297,156)  CD41L17(403,169)  CD41L34(398,184)  CD41L41(332,185)   Soma CD41 = (1187.68)
CD42 - (481,22): CD42L20(477,18)  CD42L42(481,22)   Soma CD42 = (56.60)
CD45 - (288,38): CD45L26(208,4)  CD45L45(288,38)   Soma CD45 = (260.79)
CD46 - (186,297): CD46L30(135,337)  CD46L37(206,299)  CD46L46(186,297)   Soma CD46 = (355.26)

* * * Dados de Saida * * *

Valor otimo/Distancia total percorrida = 9356.65

Maximo distancia da soma de cada centos = 1541.46

Minimo distancia da soma de cada centos = 0.00
