
CD2 - (261.00,295.00): 2(261.00,295.00) [0.00]  9(134.00,213.00) [755.85]  23(294.00,342.00) [172.29]  29(297.00,292.00) [325.08]  49(244.00,291.00) [139.68]   Soma CD2 = (1392.90)
CD3 - (368.00,133.00): 3(368.00,133.00) [0.00]  7(401.00,85.00) [233.00]  19(361.00,48.00) [852.90]  21(499.00,141.00) [262.48]  22(373.00,116.00) [70.88]  34(445.00,165.00) [333.52]  52(408.00,85.00) [124.96]   Soma CD3 = (1877.74)
CD6 - (64.00,75.00): 0(91.00,181.00) [656.28]  6(64.00,75.00) [0.00]  10(30.00,144.00) [153.84]  37(35.00,27.00) [448.64]  41(107.00,134.00) [365.05]  42(56.00,45.00) [155.25]  44(9.00,55.00) [175.56]   Soma CD6 = (1954.62)
CD15 - (326.00,214.00): 5(207.00,181.00) [246.98]  12(243.00,152.00) [518.00]  15(326.00,214.00) [0.00]  17(325.00,222.00) [40.30]  53(391.00,239.00) [139.28]  54(342.00,255.00) [220.05]  57(388.00,224.00) [376.80]   Soma CD15 = (1541.41)
CD18 - (396.00,460.00): 4(355.00,496.00) [163.68]  18(396.00,460.00) [0.00]  31(366.00,405.00) [125.30]  36(318.00,448.00) [157.84]  45(445.00,436.00) [109.12]  58(452.00,493.00) [325.00]   Soma CD18 = (880.94)
CD27 - (457.00,307.00): 11(435.00,270.00) [430.50]  16(466.00,317.00) [107.60]  20(392.00,264.00) [311.76]  27(457.00,307.00) [0.00]  46(495.00,213.00) [912.51]  48(497.00,308.00) [160.04]   Soma CD27 = (1922.41)
CD30 - (251.00,38.00): 1(178.00,63.00) [154.32]  8(234.00,77.00) [255.24]  30(251.00,38.00) [0.00]   Soma CD30 = (409.56)
CD33 - (29.00,447.00): 26(5.00,366.00) [591.36]  28(71.00,472.00) [293.28]  33(29.00,447.00) [0.00]  43(38.00,395.00) [211.08]  47(10.00,447.00) [152.00]  59(53.00,359.00) [273.63]   Soma CD33 = (1521.35)
CD51 - (375.00,342.00): 14(361.00,294.00) [400.00]  32(334.00,363.00) [230.35]  38(350.00,330.00) [83.19]  51(375.00,342.00) [0.00]   Soma CD51 = (713.54)
CD55 - (190.00,377.00): 13(153.00,434.00) [135.92]  24(258.00,453.00) [509.90]  25(139.00,291.00) [499.90]  35(111.00,297.00) [337.29]  39(171.00,390.00) [69.06]  40(230.00,346.00) [253.05]  50(160.00,321.00) [317.65]  55(190.00,377.00) [0.00]  56(106.00,328.00) [389.00]   Soma CD55 = (2511.77)

* * * Dados de Saida * * *

Valor otimo/Distancia total percorrida = 14726.24

Maximo distancia da soma de cada centos = 2511.77

Minimo distancia da soma de cada centos = 409.56
