
CD2 - (261.00,295.00): 2(261.00,295.00) [0.00]  5(207.00,181.00) [252.28]  23(294.00,342.00) [172.29]  29(297.00,292.00) [325.08]  32(334.00,363.00) [498.80]  49(244.00,291.00) [139.68]  50(160.00,321.00) [521.45]  55(190.00,377.00) [976.23]   Soma CD2 = (2885.81)
CD3 - (368.00,133.00): 3(368.00,133.00) [0.00]  8(234.00,77.00) [871.38]  19(361.00,48.00) [852.90]  22(373.00,116.00) [70.88]  30(251.00,38.00) [753.55]   Soma CD3 = (2548.71)
CD6 - (64.00,75.00): 0(91.00,181.00) [656.28]  1(178.00,63.00) [229.26]  6(64.00,75.00) [0.00]  10(30.00,144.00) [153.84]  37(35.00,27.00) [448.64]  41(107.00,134.00) [365.05]  42(56.00,45.00) [155.25]  44(9.00,55.00) [175.56]   Soma CD6 = (2183.88)
CD14 - (361.00,294.00): 14(361.00,294.00) [0.00]  20(392.00,264.00) [172.56]  54(342.00,255.00) [216.90]   Soma CD14 = (389.46)
CD15 - (326.00,214.00): 7(401.00,85.00) [596.88]  12(243.00,152.00) [518.00]  15(326.00,214.00) [0.00]  17(325.00,222.00) [40.30]  51(375.00,342.00) [1096.48]  53(391.00,239.00) [139.28]  57(388.00,224.00) [376.80]   Soma CD15 = (2767.74)
CD21 - (499.00,141.00): 21(499.00,141.00) [0.00]  27(457.00,307.00) [342.46]  34(445.00,165.00) [236.36]  52(408.00,85.00) [213.70]   Soma CD21 = (792.52)
CD27 - (457.00,307.00): 11(435.00,270.00) [430.50]  16(466.00,317.00) [107.60]  46(495.00,213.00) [912.51]  48(497.00,308.00) [160.04]  58(452.00,493.00) [930.35]   Soma CD27 = (2541.00)
CD33 - (29.00,447.00): 13(153.00,434.00) [249.36]  33(29.00,447.00) [0.00]  43(38.00,395.00) [211.08]  47(10.00,447.00) [152.00]  59(53.00,359.00) [273.63]   Soma CD33 = (886.07)
CD35 - (111.00,297.00): 9(134.00,213.00) [435.45]  25(139.00,291.00) [143.20]  26(5.00,366.00) [885.36]  28(71.00,472.00) [1077.06]  35(111.00,297.00) [0.00]  56(106.00,328.00) [125.60]   Soma CD35 = (2666.67)
CD36 - (318.00,448.00): 4(355.00,496.00) [181.83]  18(396.00,460.00) [552.44]  24(258.00,453.00) [301.05]  31(366.00,405.00) [128.88]  36(318.00,448.00) [0.00]  38(350.00,330.00) [366.78]  39(171.00,390.00) [474.09]  40(230.00,346.00) [673.55]  45(445.00,436.00) [255.14]   Soma CD36 = (2933.76)

* * * Dados de saida * * * 

Valor otimo = 2933.76

Valor maximo = 2933.76
Valor minimo = 389.46
