Exercício do Centro de Distribuição Parte A 


 Definindo um indice para cada localidade
L0: [91,181]
L1: [178,63]
L2: [261,295]
L3: [368,133]
L4: [355,496]
L5: [207,181]
L6: [64,75]
L7: [401,85]
L8: [234,77]
L9: [134,213]
L10: [30,144]
L11: [435,270]
L12: [243,152]
L13: [153,434]
L14: [361,294]
L15: [326,214]
L16: [466,317]
L17: [325,222]
L18: [396,460]
L19: [361,48]
L20: [392,264]
L21: [499,141]
L22: [373,116]
L23: [294,342]
L24: [258,453]
L25: [139,291]
L26: [5,366]
L27: [457,307]
L28: [71,472]
L29: [297,292]
L30: [251,38]
L31: [366,405]
L32: [334,363]
L33: [29,447]
L34: [445,165]
L35: [111,297]
L36: [318,448]
L37: [35,27]
L38: [350,330]
L39: [171,390]
L40: [230,346]
L41: [107,134]
L42: [56,45]
L43: [38,395]
L44: [9,55]
L45: [445,436]
L46: [495,213]
L47: [10,447]
L48: [497,308]
L49: [244,291]
L50: [160,321]
L51: [375,342]
L52: [408,85]
L53: [391,239]
L54: [342,255]
L55: [190,377]
L56: [106,328]
L57: [388,224]
L58: [452,493]
L59: [53,359]


 Grupo de possíveis centros: [1, 2, 3, 6, 14, 15, 16, 18, 19, 20, 21, 27, 28, 30, 33, 34, 35, 36, 38, 39, 40, 42, 43, 44, 46, 48, 51, 55, 56]


 Definindo a distancia entre C - L
C1: [146.6, 0.0, 246.4, 202.48, 467.78, 121.51, 114.63, 224.08, 57.72, 156.32, 168.72, 330.0, 110.21, 371.84, 294.7, 211.44, 384.01, 216.54, 452.92, 183.61, 293.59, 330.34, 202.07, 302.15, 398.12, 231.31, 348.91, 370.64, 422.76, 258.07, 77.16, 390.27, 338.14, 411.89, 285.82, 243.4, 409.66, 147.46, 317.61, 327.07, 287.74, 100.41, 123.32, 360.31, 169.19, 458.71, 350.7, 419.14, 402.23, 237.36, 258.63, 341.54, 231.05, 276.31, 252.51, 314.23, 274.61, 264.61, 509.88, 321.31]
C2: [204.69, 246.4, 0.0, 194.15, 221.89, 126.14, 295.31, 252.39, 219.67, 151.17, 275.97, 175.79, 144.13, 176.03, 100.0, 103.86, 206.18, 97.08, 213.19, 266.48, 134.62, 283.48, 211.15, 57.43, 158.03, 122.07, 265.66, 196.37, 259.67, 36.12, 257.19, 152.07, 99.76, 277.36, 225.29, 150.01, 163.27, 350.57, 95.63, 130.86, 59.68, 222.79, 323.3, 244.4, 348.0, 231.81, 247.95, 293.44, 236.36, 17.46, 104.29, 123.31, 256.34, 141.55, 90.34, 108.47, 158.47, 145.5, 275.11, 217.62]
C3: [281.13, 202.48, 194.15, 0.0, 363.23, 168.0, 309.48, 58.25, 145.23, 247.3, 338.18, 152.51, 126.44, 369.9, 161.15, 91.24, 208.47, 98.84, 328.2, 85.29, 133.18, 131.24, 17.72, 221.71, 338.38, 278.22, 431.34, 195.44, 450.7, 174.13, 150.71, 272.01, 232.5, 462.08, 83.38, 304.87, 318.94, 349.46, 197.82, 323.82, 253.8, 261.0, 324.17, 421.36, 367.38, 312.63, 150.1, 476.19, 217.41, 200.85, 280.37, 209.12, 62.48, 108.47, 124.74, 302.03, 326.6, 93.17, 369.67, 387.69]
C6: [109.38, 114.63, 295.31, 309.48, 511.78, 178.0, 0.0, 337.15, 170.01, 154.74, 76.92, 419.13, 194.86, 369.87, 369.01, 296.59, 469.22, 299.55, 508.38, 298.22, 378.56, 439.98, 311.71, 352.4, 424.88, 228.65, 296.92, 456.37, 397.06, 318.4, 190.63, 447.33, 394.77, 373.64, 391.49, 226.92, 451.27, 56.08, 383.17, 332.68, 317.8, 73.01, 31.05, 321.05, 58.52, 524.86, 452.55, 375.9, 491.71, 281.17, 264.07, 409.89, 344.15, 365.82, 331.19, 327.23, 256.46, 356.62, 570.32, 284.21]
C14: [292.69, 294.7, 100.0, 161.15, 202.09, 191.01, 369.01, 212.79, 251.43, 241.02, 363.4, 77.79, 184.63, 250.73, 0.0, 87.32, 107.49, 80.5, 169.65, 246.0, 43.14, 206.04, 178.4, 82.42, 189.45, 222.02, 363.21, 96.88, 340.27, 64.03, 278.63, 111.11, 74.09, 365.56, 153.94, 250.02, 159.89, 421.38, 37.64, 212.88, 140.94, 300.19, 393.73, 338.42, 425.47, 164.98, 156.58, 382.9, 136.72, 117.04, 202.81, 50.0, 214.22, 62.65, 43.38, 190.08, 257.26, 75.03, 218.82, 314.78]
C15: [237.31, 211.44, 103.86, 91.24, 283.49, 123.49, 296.59, 149.22, 165.02, 192.0, 304.16, 122.54, 103.6, 279.87, 87.32, 0.0, 173.81, 8.06, 255.77, 169.65, 82.8, 187.77, 108.69, 131.94, 248.49, 202.23, 355.17, 160.65, 362.75, 83.22, 191.31, 195.14, 149.21, 377.49, 128.69, 230.46, 234.14, 345.9, 118.46, 234.52, 163.22, 233.15, 318.53, 340.15, 354.64, 251.88, 169.0, 392.61, 195.13, 112.49, 197.5, 137.06, 152.86, 69.64, 44.01, 212.29, 247.78, 62.8, 306.13, 309.12]
C16: [398.9, 384.01, 206.18, 208.47, 210.62, 292.54, 469.22, 240.93, 333.8, 347.91, 469.07, 56.3, 277.41, 334.15, 107.49, 173.81, 0.0, 170.02, 159.21, 288.77, 91.02, 179.07, 221.47, 173.81, 248.52, 328.03, 463.6, 13.45, 424.32, 170.84, 352.23, 133.21, 139.79, 455.93, 153.44, 355.56, 197.65, 519.48, 116.73, 303.9, 237.78, 402.95, 492.02, 435.05, 526.78, 120.84, 107.97, 474.17, 32.28, 223.52, 306.03, 94.37, 239.14, 108.21, 138.64, 282.45, 360.17, 121.38, 176.56, 415.13]
C18: [413.36, 452.92, 213.19, 328.2, 54.56, 336.99, 508.38, 375.03, 415.85, 360.07, 483.54, 193.96, 343.91, 244.39, 169.65, 255.77, 159.21, 248.36, 0.0, 413.48, 196.04, 335.22, 344.77, 155.97, 138.18, 307.59, 402.14, 164.71, 325.22, 195.0, 446.22, 62.65, 115.12, 367.23, 299.04, 328.32, 78.92, 563.75, 137.9, 235.64, 201.38, 435.66, 536.49, 363.85, 560.17, 54.56, 266.1, 386.22, 182.5, 227.3, 273.89, 119.85, 375.19, 221.06, 211.99, 222.09, 318.63, 236.14, 65.0, 357.56]
C19: [300.98, 183.61, 266.48, 85.29, 448.04, 203.48, 298.22, 54.49, 130.27, 280.63, 344.64, 234.01, 157.29, 438.47, 246.0, 169.65, 288.77, 177.69, 413.48, 0.0, 218.21, 166.41, 69.05, 301.54, 417.89, 329.14, 477.35, 276.22, 513.69, 252.25, 110.45, 357.04, 316.16, 519.06, 144.03, 352.85, 402.3, 326.68, 282.21, 391.23, 325.52, 268.16, 305.01, 474.07, 352.07, 396.99, 212.56, 531.42, 293.42, 269.7, 339.01, 294.33, 59.82, 193.34, 207.87, 370.79, 378.71, 178.06, 454.21, 437.7]
C20: [312.23, 293.59, 134.62, 133.18, 234.93, 202.77, 378.56, 179.23, 244.81, 262.99, 381.37, 43.42, 186.4, 293.29, 43.14, 82.8, 91.02, 79.08, 196.04, 218.21, 0.0, 163.03, 149.21, 125.25, 231.68, 254.44, 400.22, 77.94, 382.5, 99.04, 266.38, 143.38, 114.74, 406.52, 112.29, 282.93, 198.32, 428.51, 78.23, 254.4, 181.57, 313.25, 401.07, 377.46, 436.31, 179.98, 114.93, 423.57, 113.85, 150.44, 238.9, 79.83, 179.71, 25.02, 50.8, 231.46, 293.07, 40.2, 236.73, 352.06]
C21: [409.96, 330.34, 283.48, 131.24, 383.09, 294.73, 439.98, 112.87, 272.62, 372.03, 469.01, 144.0, 256.24, 453.39, 206.04, 187.77, 179.07, 191.93, 335.22, 166.41, 163.03, 0.0, 128.46, 287.1, 394.24, 390.0, 542.83, 171.23, 541.06, 252.2, 268.54, 295.61, 276.6, 560.84, 59.09, 418.19, 356.38, 477.8, 240.67, 411.81, 338.21, 392.06, 453.28, 526.34, 497.49, 299.9, 72.11, 576.85, 167.01, 295.85, 383.82, 236.17, 106.85, 145.84, 194.02, 388.81, 435.22, 138.6, 355.12, 496.43]
C27: [387.08, 370.64, 196.37, 195.44, 214.77, 279.96, 456.37, 228.95, 320.36, 336.4, 457.05, 43.05, 264.24, 329.46, 96.88, 160.65, 13.45, 157.0, 164.71, 276.22, 77.94, 171.23, 208.66, 166.72, 246.81, 318.4, 455.83, 0.0, 419.79, 160.7, 338.82, 133.73, 135.15, 450.32, 142.51, 346.14, 197.99, 506.44, 109.44, 297.8, 230.33, 390.42, 479.0, 428.14, 514.01, 129.56, 101.39, 468.41, 40.01, 213.6, 297.33, 89.16, 227.34, 94.76, 126.21, 276.02, 351.63, 107.94, 186.07, 407.33]
C28: [291.69, 422.76, 259.67, 450.7, 285.01, 321.21, 397.06, 508.6, 427.31, 266.55, 330.55, 416.29, 363.3, 90.38, 340.27, 362.75, 424.32, 356.39, 325.22, 513.69, 382.5, 541.06, 466.84, 258.13, 187.96, 193.35, 124.87, 419.79, 0.0, 288.92, 469.85, 302.51, 284.69, 48.88, 483.86, 179.51, 248.16, 446.45, 313.06, 129.32, 202.87, 339.91, 427.26, 83.77, 421.58, 375.73, 496.85, 65.92, 456.48, 250.38, 175.28, 330.63, 513.16, 395.84, 347.17, 152.27, 148.19, 402.48, 381.58, 114.42]
C30: [214.59, 77.16, 257.19, 150.71, 469.66, 149.62, 190.63, 157.19, 42.54, 210.51, 245.11, 296.11, 114.28, 407.95, 278.63, 191.31, 352.23, 198.32, 446.22, 110.45, 266.38, 268.54, 144.8, 307.03, 415.06, 276.68, 410.0, 338.82, 469.85, 258.13, 0.0, 384.6, 335.43, 465.37, 231.87, 294.42, 415.44, 216.28, 308.33, 360.98, 308.72, 173.07, 195.13, 415.71, 242.6, 442.76, 300.27, 474.72, 365.26, 253.1, 297.27, 328.32, 163.88, 244.95, 235.31, 344.44, 324.23, 231.01, 497.42, 377.15]
C33: [273.13, 411.89, 277.36, 462.08, 329.66, 320.06, 373.64, 519.06, 423.0, 256.48, 303.0, 442.91, 364.45, 124.68, 365.56, 377.49, 455.93, 371.81, 367.23, 519.06, 406.52, 560.84, 477.39, 285.04, 229.08, 190.88, 84.48, 450.32, 48.88, 309.59, 465.37, 339.61, 316.36, 0.0, 502.57, 170.95, 289.0, 420.04, 341.66, 153.01, 224.95, 322.57, 402.91, 52.77, 392.51, 416.15, 521.45, 19.0, 488.21, 265.63, 181.76, 361.58, 524.1, 417.5, 367.2, 175.56, 141.74, 422.62, 425.49, 91.21]
C34: [354.36, 285.82, 225.29, 83.38, 343.02, 238.54, 391.49, 91.3, 228.62, 314.68, 415.53, 105.48, 202.42, 397.02, 153.94, 128.69, 153.44, 132.85, 299.04, 144.03, 112.29, 59.09, 87.09, 232.66, 343.38, 330.93, 483.74, 142.51, 483.86, 195.02, 231.87, 252.67, 226.99, 502.57, 0.0, 359.14, 310.19, 432.6, 190.39, 354.54, 281.04, 339.42, 407.09, 467.49, 449.66, 271.0, 69.31, 518.41, 152.16, 237.23, 324.9, 190.34, 88.14, 91.61, 136.78, 331.62, 376.15, 82.04, 328.07, 437.38]
C35: [117.71, 243.4, 150.01, 304.87, 314.86, 150.57, 226.92, 359.23, 252.05, 87.09, 173.12, 325.12, 196.08, 143.29, 250.02, 230.46, 355.56, 226.76, 328.32, 352.85, 282.93, 418.19, 318.44, 188.45, 214.35, 28.64, 126.48, 346.14, 179.51, 186.07, 294.42, 276.93, 232.56, 170.95, 359.14, 0.0, 256.22, 280.49, 241.27, 110.68, 128.69, 163.05, 257.93, 122.2, 262.62, 361.77, 393.08, 180.83, 386.16, 133.14, 54.56, 267.81, 364.9, 285.94, 234.79, 112.43, 31.4, 286.46, 393.32, 84.9]
C36: [350.45, 409.66, 163.27, 318.94, 60.61, 289.15, 451.27, 372.37, 380.39, 298.46, 418.76, 213.01, 305.35, 165.59, 159.89, 234.14, 197.65, 226.11, 78.92, 402.3, 198.32, 356.38, 336.52, 108.68, 60.21, 238.1, 323.56, 197.99, 248.16, 157.41, 415.44, 64.44, 86.49, 289.0, 310.19, 256.22, 0.0, 507.28, 122.26, 158.03, 134.71, 378.31, 480.68, 284.97, 499.93, 127.57, 294.2, 308.0, 227.25, 173.57, 202.71, 120.35, 373.99, 221.38, 194.49, 146.37, 243.61, 234.68, 141.35, 279.55]
C38: [298.8, 317.61, 95.63, 197.82, 166.08, 206.52, 383.17, 250.25, 278.33, 245.65, 370.13, 104.04, 207.68, 222.77, 37.64, 118.46, 116.73, 110.86, 137.9, 282.21, 78.23, 240.67, 215.23, 57.27, 153.6, 214.57, 346.87, 109.44, 313.06, 65.22, 308.33, 76.69, 36.67, 341.66, 190.39, 241.27, 122.26, 437.07, 0.0, 188.79, 121.06, 312.19, 409.46, 318.7, 438.07, 142.34, 186.32, 359.57, 148.64, 112.95, 190.21, 27.73, 251.77, 99.81, 75.43, 166.76, 244.01, 112.61, 192.28, 298.41]
C39: [223.79, 327.07, 130.86, 323.82, 212.35, 212.08, 332.68, 382.0, 319.28, 180.83, 283.54, 289.99, 248.65, 47.54, 212.88, 234.52, 303.9, 227.9, 235.64, 391.23, 254.4, 411.81, 340.41, 132.03, 107.42, 104.04, 167.73, 297.8, 129.32, 159.62, 360.98, 195.58, 165.22, 153.01, 354.54, 110.68, 158.03, 387.64, 188.79, 0.0, 73.6, 263.88, 363.66, 133.09, 372.11, 277.83, 369.2, 170.79, 336.15, 123.0, 69.87, 209.57, 386.26, 266.84, 217.87, 23.02, 89.83, 273.21, 299.28, 122.0]
C40: [215.75, 287.74, 59.68, 253.8, 195.26, 166.6, 317.8, 312.03, 269.03, 164.03, 284.26, 218.63, 194.44, 116.93, 140.94, 163.22, 237.78, 156.21, 201.38, 325.52, 181.57, 338.21, 270.83, 64.12, 110.6, 106.33, 225.89, 230.33, 202.87, 86.05, 308.72, 148.25, 105.38, 224.95, 281.04, 128.69, 134.71, 373.88, 121.06, 73.6, 0.0, 245.1, 347.67, 198.15, 365.41, 233.08, 296.5, 242.08, 269.69, 56.75, 74.33, 145.06, 315.92, 193.31, 144.31, 50.61, 125.3, 199.62, 266.26, 177.48]
C42: [140.43, 123.32, 323.3, 324.17, 541.11, 203.22, 31.05, 347.31, 180.85, 185.22, 102.36, 440.76, 215.45, 400.91, 393.73, 318.53, 492.02, 322.01, 536.49, 305.01, 401.07, 453.28, 324.85, 380.6, 455.27, 259.62, 325.03, 479.0, 427.26, 345.09, 195.13, 475.08, 422.38, 402.91, 407.09, 257.93, 480.68, 27.66, 409.46, 363.66, 347.67, 102.58, 0.0, 350.46, 48.05, 551.55, 470.05, 404.62, 513.47, 309.61, 294.94, 435.86, 354.27, 387.12, 354.82, 358.02, 287.38, 377.18, 597.93, 314.01]
C43: [220.47, 360.31, 244.4, 421.36, 332.7, 272.68, 321.05, 477.36, 373.55, 205.77, 251.13, 416.21, 317.92, 121.43, 338.42, 340.15, 435.05, 335.11, 363.85, 474.07, 377.46, 526.34, 435.97, 261.43, 227.52, 144.97, 43.93, 428.14, 83.77, 278.73, 415.71, 328.15, 297.72, 52.77, 467.49, 122.2, 284.97, 368.01, 318.7, 133.09, 198.15, 269.97, 350.46, 0.0, 341.23, 409.06, 491.91, 59.06, 467.17, 230.76, 142.69, 341.14, 482.7, 385.93, 334.69, 153.06, 95.46, 389.54, 425.44, 39.0]
C44: [150.33, 169.19, 348.0, 367.38, 560.53, 234.69, 58.52, 393.15, 226.07, 201.47, 91.44, 477.18, 253.31, 405.43, 425.47, 354.64, 526.78, 357.41, 560.17, 352.07, 436.31, 497.49, 369.08, 404.47, 469.47, 269.44, 311.03, 514.01, 421.58, 372.98, 242.6, 499.95, 447.76, 392.51, 449.66, 262.62, 499.93, 38.21, 438.07, 372.11, 365.41, 125.88, 48.05, 341.23, 0.0, 579.01, 511.04, 392.0, 549.68, 333.05, 305.87, 465.11, 400.13, 424.0, 388.44, 369.38, 289.72, 414.97, 622.97, 307.17]
C46: [405.27, 350.7, 247.95, 150.1, 315.74, 289.77, 452.55, 158.81, 294.31, 361.0, 470.09, 82.76, 259.28, 407.19, 156.58, 169.0, 107.97, 170.24, 266.1, 212.56, 114.93, 72.11, 155.86, 238.83, 337.3, 364.44, 513.33, 101.39, 496.85, 213.18, 300.27, 231.31, 220.05, 521.45, 69.31, 393.08, 294.2, 496.18, 186.32, 369.2, 296.5, 395.96, 470.05, 491.91, 511.04, 228.54, 0.0, 538.5, 95.02, 262.84, 351.98, 176.18, 154.77, 107.2, 158.66, 346.3, 405.64, 107.56, 283.28, 465.49]
C48: [425.4, 402.23, 236.36, 217.41, 235.6, 316.59, 491.71, 242.79, 350.04, 375.23, 494.96, 72.72, 298.08, 366.35, 136.72, 195.13, 32.28, 192.3, 182.5, 293.42, 113.85, 167.01, 228.56, 205.83, 279.55, 358.4, 495.41, 40.01, 456.48, 200.64, 365.26, 163.0, 172.03, 488.21, 152.16, 386.16, 227.25, 540.74, 148.64, 336.15, 269.69, 427.06, 513.47, 467.17, 549.68, 138.16, 95.02, 506.45, 0.0, 253.57, 337.25, 126.65, 240.1, 126.48, 163.81, 314.66, 391.51, 137.61, 190.39, 446.92]
C51: [326.46, 341.54, 123.31, 209.12, 155.29, 232.69, 409.89, 258.31, 300.18, 273.35, 397.78, 93.72, 231.35, 240.31, 50.0, 137.06, 94.37, 130.0, 119.85, 294.33, 79.83, 236.17, 226.01, 81.0, 161.28, 241.45, 370.78, 89.16, 330.63, 92.65, 328.32, 63.64, 46.07, 361.58, 190.34, 267.81, 120.35, 463.49, 27.73, 209.57, 145.06, 339.25, 435.86, 341.14, 465.11, 117.2, 176.18, 379.8, 126.65, 140.58, 216.02, 0.0, 259.11, 104.24, 93.05, 188.28, 269.36, 118.71, 169.5, 322.45]
C55: [219.58, 314.23, 108.47, 302.03, 203.44, 196.74, 327.23, 360.26, 303.21, 173.3, 282.65, 267.35, 231.16, 67.96, 190.08, 212.29, 282.45, 205.55, 222.09, 370.79, 231.46, 388.81, 318.76, 109.73, 101.98, 99.98, 185.33, 276.02, 152.27, 136.65, 344.44, 178.21, 144.68, 175.56, 331.62, 112.43, 146.37, 382.79, 166.76, 23.02, 50.61, 256.78, 358.02, 153.06, 369.38, 261.74, 346.3, 193.13, 314.66, 101.55, 63.53, 188.28, 364.4, 243.81, 194.91, 0.0, 97.25, 250.23, 286.53, 138.18]
C56: [147.76, 274.61, 158.47, 326.6, 300.37, 178.35, 256.46, 382.2, 281.75, 118.36, 199.08, 334.07, 223.04, 115.95, 257.26, 247.78, 360.17, 243.3, 318.63, 378.71, 293.07, 435.22, 340.93, 188.52, 196.8, 49.58, 107.91, 351.63, 148.19, 194.36, 324.23, 271.16, 230.67, 141.74, 376.15, 31.4, 243.61, 309.26, 244.01, 89.83, 125.3, 194.0, 287.38, 95.46, 289.72, 355.79, 405.64, 152.9, 391.51, 142.87, 54.45, 269.36, 387.62, 298.57, 247.03, 97.25, 0.0, 300.57, 383.33, 61.4]


 Centros e as suas Localidades
CD2 - (261,295): CD2L2(261,295)  CD2L9(134,213)  CD2L23(294,342)  CD2L29(297,292)  CD2L49(244,291)   Soma CD2 = (1392.90)
CD3 - (368,133): CD3L3(368,133)  CD3L7(401,85)  CD3L19(361,48)  CD3L21(499,141)  CD3L22(373,116)  CD3L34(445,165)  CD3L52(408,85)   Soma CD3 = (1877.74)
CD6 - (64,75): CD6L0(91,181)  CD6L6(64,75)  CD6L10(30,144)  CD6L37(35,27)  CD6L41(107,134)  CD6L42(56,45)  CD6L44(9,55)   Soma CD6 = (1954.62)
CD15 - (326,214): CD15L5(207,181)  CD15L12(243,152)  CD15L15(326,214)  CD15L17(325,222)  CD15L53(391,239)  CD15L54(342,255)  CD15L57(388,224)   Soma CD15 = (1541.41)
CD18 - (396,460): CD18L4(355,496)  CD18L18(396,460)  CD18L31(366,405)  CD18L36(318,448)  CD18L45(445,436)  CD18L58(452,493)   Soma CD18 = (880.94)
CD27 - (457,307): CD27L11(435,270)  CD27L16(466,317)  CD27L20(392,264)  CD27L27(457,307)  CD27L46(495,213)  CD27L48(497,308)   Soma CD27 = (1922.41)
CD30 - (251,38): CD30L1(178,63)  CD30L8(234,77)  CD30L30(251,38)   Soma CD30 = (409.56)
CD33 - (29,447): CD33L26(5,366)  CD33L28(71,472)  CD33L33(29,447)  CD33L43(38,395)  CD33L47(10,447)  CD33L59(53,359)   Soma CD33 = (1521.35)
CD51 - (375,342): CD51L14(361,294)  CD51L32(334,363)  CD51L38(350,330)  CD51L51(375,342)   Soma CD51 = (713.54)
CD55 - (190,377): CD55L13(153,434)  CD55L24(258,453)  CD55L25(139,291)  CD55L35(111,297)  CD55L39(171,390)  CD55L40(230,346)  CD55L50(160,321)  CD55L55(190,377)  CD55L56(106,328)   Soma CD55 = (2511.77)

* * * Dados de Saida * * *

Valor otimo/Distancia total percorrida = 14726.24

Maximo distancia da soma de cada centos = 2511.77

Minimo distancia da soma de cada centos = 409.56

Tempo de execução = 60.09 minuto
