
CD0 - (319.00,216.00): 0(319.00,216.00) [0.00]  1(474.00,180.00) [1591.30]  27(313.00,285.00) [277.04]   Soma CD0 = (1868.34)
CD9 - (112.00,465.00): 2(89.00,480.00) [137.30]  6(326.00,446.00) [1074.20]  9(112.00,465.00) [0.00]  15(179.00,484.00) [696.40]   Soma CD9 = (1907.90)
CD19 - (210.00,317.00): 3(230.00,324.00) [148.33]  4(439.00,136.00) [1459.45]  11(241.00,263.00) [311.35]   Soma CD19 = (1919.13)
CD20 - (207.00,380.00): 8(88.00,384.00) [1190.70]  10(212.00,389.00) [72.10]  16(212.00,433.00) [372.68]  19(210.00,317.00) [252.28]  20(207.00,380.00) [0.00]   Soma CD20 = (1887.76)
CD21 - (354.00,42.00): 14(454.00,88.00) [550.35]  21(354.00,42.00) [0.00]  23(217.00,82.00) [570.88]  24(289.00,89.00) [721.89]   Soma CD21 = (1843.12)
CD22 - (421.00,459.00): 7(494.00,450.00) [735.50]  12(404.00,291.00) [506.58]  22(421.00,459.00) [0.00]  25(407.00,404.00) [567.50]  29(400.00,464.00) [107.95]   Soma CD22 = (1917.53)
CD28 - (69.00,123.00): 5(126.00,152.00) [639.50]  13(71.00,203.00) [160.04]  17(103.00,116.00) [242.97]  18(185.00,82.00) [246.06]  26(47.00,210.00) [717.92]  28(69.00,123.00) [0.00]   Soma CD28 = (2006.49)

* * * Dados de saida * * * 

Valor otimo = 2006.49

Valor maximo = 2006.49
Valor minimo = 1843.12
