Exercício do Centro de Distribuição Parte A 


 Definindo um indice para cada localidade
L0: [319,216]
L1: [474,180]
L2: [89,480]
L3: [230,324]
L4: [439,136]
L5: [126,152]
L6: [326,446]
L7: [494,450]
L8: [88,384]
L9: [112,465]
L10: [212,389]
L11: [241,263]
L12: [404,291]
L13: [71,203]
L14: [454,88]
L15: [179,484]
L16: [212,433]
L17: [103,116]
L18: [185,82]
L19: [210,317]
L20: [207,380]
L21: [354,42]
L22: [421,459]
L23: [217,82]
L24: [289,89]
L25: [407,404]
L26: [47,210]
L27: [313,285]
L28: [69,123]
L29: [400,464]


 Grupo de possíveis centros: [0, 2, 3, 6, 9, 10, 11, 17, 18, 19, 20, 21, 22, 25, 27, 28, 29]


 Definindo a distancia entre C - L
C0: [0.0, 159.13, 350.14, 139.95, 144.22, 203.33, 230.11, 292.2, 285.63, 323.81, 203.42, 91.07, 113.36, 248.34, 186.03, 302.36, 241.95, 238.03, 189.5, 148.6, 198.6, 177.49, 263.54, 168.4, 130.5, 207.58, 272.07, 69.26, 266.74, 260.89]
C2: [350.14, 488.08, 0.0, 210.28, 490.75, 330.08, 239.43, 406.11, 96.01, 27.46, 153.0, 264.94, 367.35, 277.58, 535.62, 90.09, 131.67, 364.27, 409.41, 203.0, 154.67, 511.93, 332.66, 418.08, 439.18, 326.96, 273.25, 296.99, 357.56, 311.41]
C3: [139.95, 283.32, 210.28, 0.0, 281.11, 201.0, 155.24, 292.53, 154.16, 183.86, 67.45, 61.98, 177.1, 199.8, 325.38, 167.93, 110.48, 243.71, 246.15, 21.19, 60.54, 308.06, 233.89, 242.35, 242.29, 194.24, 215.6, 91.71, 257.53, 220.23]
C6: [230.11, 304.4, 239.43, 155.24, 329.95, 355.58, 0.0, 168.05, 245.94, 214.84, 127.46, 201.78, 173.52, 352.24, 380.19, 151.83, 114.74, 398.28, 390.35, 173.48, 136.08, 404.97, 95.89, 379.97, 358.91, 91.24, 365.43, 161.52, 412.77, 76.16]
C9: [323.81, 460.73, 27.46, 183.86, 463.86, 313.31, 214.84, 382.29, 84.48, 0.0, 125.6, 239.68, 339.91, 265.19, 509.01, 69.64, 105.0, 349.12, 389.89, 177.5, 127.48, 487.33, 309.06, 397.13, 415.58, 301.24, 263.15, 269.82, 344.69, 288.0]
C10: [203.42, 335.15, 153.0, 67.45, 339.91, 252.12, 127.46, 288.52, 124.1, 125.6, 0.0, 129.29, 215.56, 233.4, 386.22, 100.57, 44.0, 293.96, 308.19, 72.03, 10.3, 374.93, 220.41, 307.04, 309.72, 195.58, 243.45, 144.97, 302.0, 202.41]
C11: [91.07, 247.34, 264.94, 61.98, 235.23, 159.83, 201.78, 314.61, 195.06, 239.68, 129.29, 0.0, 165.39, 180.28, 275.67, 229.53, 172.46, 201.63, 189.47, 62.27, 121.84, 248.21, 266.11, 182.58, 180.5, 217.8, 201.11, 75.29, 221.77, 256.28]
C17: [238.03, 376.48, 364.27, 243.71, 336.59, 42.72, 398.28, 514.23, 268.42, 349.12, 293.96, 201.63, 348.18, 92.7, 352.12, 375.77, 335.22, 0.0, 88.77, 227.71, 283.75, 261.68, 467.73, 118.96, 187.95, 418.76, 109.42, 269.56, 34.71, 457.51]
C18: [189.5, 305.16, 409.41, 246.15, 259.68, 91.55, 390.35, 480.53, 317.2, 389.89, 308.19, 189.47, 302.72, 166.24, 269.07, 402.04, 352.04, 88.77, 0.0, 236.33, 298.81, 173.67, 444.78, 32.0, 104.24, 391.11, 188.22, 239.99, 123.03, 438.35]
C19: [148.6, 297.43, 203.0, 21.19, 291.89, 185.15, 173.48, 313.6, 139.19, 177.5, 72.03, 62.27, 195.73, 179.77, 334.63, 169.85, 116.02, 227.71, 236.33, 0.0, 63.07, 310.42, 254.33, 235.1, 241.3, 215.36, 194.98, 107.86, 239.83, 240.23]
C20: [198.6, 333.6, 154.67, 60.54, 336.69, 241.96, 136.08, 295.41, 119.07, 127.48, 10.3, 121.84, 216.17, 223.22, 382.46, 107.7, 53.24, 283.75, 298.81, 63.07, 0.0, 368.58, 228.12, 298.17, 302.33, 201.43, 233.45, 142.34, 291.71, 210.49]
C21: [177.49, 182.88, 511.93, 308.06, 126.73, 253.15, 404.97, 431.35, 433.27, 487.33, 374.93, 248.21, 253.97, 325.59, 110.07, 475.38, 415.99, 261.68, 173.67, 310.42, 368.58, 0.0, 422.35, 142.72, 80.21, 365.86, 349.96, 246.43, 296.29, 424.5]
C22: [263.54, 283.99, 332.66, 233.89, 323.5, 425.76, 95.89, 73.55, 341.34, 309.06, 220.41, 266.11, 168.86, 433.63, 372.46, 243.29, 210.61, 467.73, 444.78, 254.33, 228.12, 422.35, 0.0, 428.65, 392.84, 56.75, 449.31, 204.79, 486.62, 21.59]
C25: [207.58, 233.81, 326.96, 194.24, 269.9, 377.45, 91.24, 98.41, 319.63, 301.24, 195.58, 217.8, 113.04, 391.53, 319.48, 241.63, 197.14, 418.76, 391.11, 215.36, 201.43, 365.86, 56.75, 373.88, 336.38, 0.0, 408.94, 151.65, 439.55, 60.41]
C27: [69.26, 192.21, 296.99, 91.71, 195.13, 229.47, 161.52, 244.92, 245.82, 269.82, 144.97, 75.29, 91.2, 255.52, 242.26, 239.91, 179.18, 269.56, 239.99, 107.86, 142.34, 246.43, 204.79, 224.56, 197.46, 151.65, 276.37, 0.0, 292.88, 199.02]
C28: [266.74, 408.99, 357.56, 257.53, 370.23, 63.95, 412.77, 536.24, 261.69, 344.69, 302.0, 221.77, 374.77, 80.02, 386.59, 377.39, 341.39, 34.71, 123.03, 239.83, 291.71, 296.29, 486.62, 153.57, 222.61, 439.55, 89.74, 292.88, 0.0, 475.23]
C29: [260.89, 293.48, 311.41, 220.23, 330.31, 415.23, 76.16, 95.04, 322.09, 288.0, 202.41, 256.28, 173.05, 419.95, 379.86, 221.9, 190.54, 457.51, 438.35, 240.23, 210.49, 424.5, 21.59, 423.57, 391.08, 60.41, 434.89, 199.02, 475.23, 0.0]

Centros e as suas localidades
CD0 - (319.00,216.00): 0(319.00,216.00) [0.00]  1(474.00,180.00) [1591.30]  12(404.00,291.00) [340.08]   Soma CD0 = (1931.38)
CD2 - (89.00,480.00): 2(89.00,480.00) [0.00]  8(88.00,384.00) [960.10]  15(179.00,484.00) [900.90]   Soma CD2 = (1861.00)
CD9 - (112.00,465.00): 9(112.00,465.00) [0.00]  10(212.00,389.00) [879.20]  16(212.00,433.00) [735.00]  20(207.00,380.00) [382.44]   Soma CD9 = (1996.64)
CD19 - (210.00,317.00): 3(230.00,324.00) [148.33]  11(241.00,263.00) [311.35]  19(210.00,317.00) [0.00]  23(217.00,82.00) [940.40]  27(313.00,285.00) [431.44]   Soma CD19 = (1831.52)
CD21 - (354.00,42.00): 4(439.00,136.00) [633.65]  14(454.00,88.00) [550.35]  21(354.00,42.00) [0.00]  24(289.00,89.00) [721.89]   Soma CD21 = (1905.89)
CD22 - (421.00,459.00): 6(326.00,446.00) [479.45]  7(494.00,450.00) [735.50]  22(421.00,459.00) [0.00]  25(407.00,404.00) [567.50]  29(400.00,464.00) [107.95]   Soma CD22 = (1890.40)
CD28 - (69.00,123.00): 5(126.00,152.00) [639.50]  13(71.00,203.00) [160.04]  17(103.00,116.00) [242.97]  18(185.00,82.00) [246.06]  26(47.00,210.00) [717.92]  28(69.00,123.00) [0.00]   Soma CD28 = (2006.49)

* * * Dados de saida * * * 

Valor otimo = 2006.49

Valor maximo = 2006.49

Valor minimo = 1831.52

Soma de todos os centos = 13423.32

Tempo do Programa foi de 60.05 minutos"
