60
10
 91 181   6   0
178  63   2   1
261 295  10   1
368 133  10   1
355 496   3   0
207 181   2   0
 64  75   3   1
401  85   4   0
234  77   6   0
134 213   5   0
 30 144   2   0
435 270  10   0
243 152   5   0
153 434   2   0
361 294   8   1
326 214   9   1
466 317   8   1
325 222   5   0
396 460   7   1
361  48  10   1
392 264   4   1
499 141   2   1
373 116   4   0
294 342   3   0
258 453   5   0
139 291   5   0
  5 366   7   0
457 307   2   1
 71 472   6   1
297 292   9   0
251  38   5   1
366 405   2   0
334 363   5   0
 29 447   9   1
445 165   4   1
111 297   3   1
318 448   2   1
 35  27   8   0
350 330   3   1
171 390   3   1
230 346   5   1
107 134   5   0
 56  45   5   1
 38 395   4   1
  9  55   3   1
445 436   2   0
495 213   9   1
 10 447   8   0
497 308   4   1
244 291   8   0
160 321   5   0
375 342   8   1
408  85   2   0
391 239   2   0
342 255   5   0
190 377   9   1
106 328   4   1
388 224   6   0
452 493   5   0
 53 359   3   0
