40
5
201 376   2   0
 75 188   6   0
236 358   3   0
268 364   4   1
102 187   9   0
131  56  10   0
144  89   8   1
225 345   8   1
192 198   9   1
344 182   2   1
338 424   9   0
 18 428   9   0
449 368   7   1
445 135   6   0
178 244   3   0
 30 284   6   1
285  79  10   0
 81 387   2   0
311 231   3   1
 83 413   5   1
 99  67   4   0
257 152   2   1
111 336   2   0
428 496   5   0
 16 326   9   1
333  39  10   1
206 493   9   1
215 250   5   0
384 162   6   1
438 194  10   0
188 440   3   0
201 193   3   1
299 469   7   0
383 431   7   0
467 446   4   0
137 437   9   0
456 218   6   0
185 447  10   1
443 348   9   0
443 114   8   1
