50
15
333 115   9   1
159  96   9   1
234 135  10   0
283 299   8   1
193 439   8   0
494 444   3   1
465 132   6   0
315 129   3   1
 92 100   3   1
297 156   2   1
395 376   5   1
480 232   6   0
464 220   3   1
314 430   3   0
305 335   7   1
 77 350   2   0
213 459   6   1
403 169   6   0
116 411   6   1
164 439  10   1
477  18  10   0
  2 341   5   0
111  57   8   0
460 316   8   0
316 495   3   1
400 287   5   0
208   4   3   1
302 394   8   0
433 358  10   1
416 332   9   1
135 337   3   1
383 461   2   1
453 248   2   1
355 399   4   1
398 184  10   0
 66 283   4   1
 81 315   7   1
206 299   8   0
 37   6  10   1
355 372   4   0
479 189   2   1
332 185   6   1
481  22   3   1
341  81   9   1
 82 207   6   0
288  38  10   1
186 297   3   1
183 432   8   0
354 127   7   1
320 493   9   0
