
CD6 - (144.00,89.00): 1(75.00,188.00) [724.02]  4(102.00,187.00) [959.58]  5(131.00,56.00) [354.70]  6(144.00,89.00) [0.00]  8(192.00,198.00) [1071.90]  14(178.00,244.00) [476.07]  20(99.00,67.00) [200.36]  27(215.00,250.00) [879.80]  31(201.00,193.00) [355.80]   Soma CD6 = (5022.23)
CD12 - (449.00,368.00): 10(338.00,424.00) [1118.97]  12(449.00,368.00) [0.00]  23(428.00,496.00) [648.55]  33(383.00,431.00) [638.68]  34(467.00,446.00) [320.20]  38(443.00,348.00) [187.92]   Soma CD12 = (2914.32)
CD24 - (16.00,326.00): 11(18.00,428.00) [918.18]  15(30.00,284.00) [265.62]  17(81.00,387.00) [178.28]  22(111.00,336.00) [191.04]  24(16.00,326.00) [0.00]   Soma CD24 = (1553.12)
CD28 - (384.00,162.00): 9(344.00,182.00) [89.44]  13(445.00,135.00) [400.26]  16(285.00,79.00) [1291.90]  18(311.00,231.00) [301.35]  21(257.00,152.00) [254.78]  25(333.00,39.00) [1331.50]  28(384.00,162.00) [0.00]  29(438.00,194.00) [627.70]  36(456.00,218.00) [547.26]  39(443.00,114.00) [608.48]   Soma CD28 = (5452.67)
CD37 - (185.00,447.00): 0(201.00,376.00) [145.56]  2(236.00,358.00) [307.74]  3(268.00,364.00) [469.52]  7(225.00,345.00) [876.48]  19(83.00,413.00) [537.60]  26(206.00,493.00) [455.13]  30(188.00,440.00) [22.86]  32(299.00,469.00) [812.70]  35(137.00,437.00) [441.27]  37(185.00,447.00) [0.00]   Soma CD37 = (4068.86)

* * * Dados de Saida * * *

Valor otimo/Distancia total percorrida = 19011.20

Maximo distancia da soma de cada centos = 5452.67

Minimo distancia da soma de cada centos = 1553.12
