
CD6 - (144.00,89.00): 4(102.00,187.00) [959.58]  5(131.00,56.00) [354.70]  6(144.00,89.00) [0.00]  16(285.00,79.00) [1413.50]  20(99.00,67.00) [200.36]  21(257.00,152.00) [258.76]  27(215.00,250.00) [879.80]  31(201.00,193.00) [355.80]   Soma CD6 = (4422.50)
CD7 - (225.00,345.00): 0(201.00,376.00) [78.40]  2(236.00,358.00) [51.09]  7(225.00,345.00) [0.00]  14(178.00,244.00) [334.20]  18(311.00,231.00) [428.40]  22(111.00,336.00) [228.70]  26(206.00,493.00) [1342.89]  30(188.00,440.00) [305.85]  35(137.00,437.00) [1145.79]  37(185.00,447.00) [1095.60]   Soma CD7 = (5010.92)
CD12 - (449.00,368.00): 3(268.00,364.00) [724.16]  9(344.00,182.00) [427.18]  10(338.00,424.00) [1118.97]  12(449.00,368.00) [0.00]  23(428.00,496.00) [648.55]  32(299.00,469.00) [1265.81]  33(383.00,431.00) [638.68]  38(443.00,348.00) [187.92]   Soma CD12 = (5011.27)
CD15 - (30.00,284.00): 1(75.00,188.00) [636.12]  8(192.00,198.00) [1650.69]  11(18.00,428.00) [1300.50]  15(30.00,284.00) [0.00]  17(81.00,387.00) [229.86]  19(83.00,413.00) [697.30]  24(16.00,326.00) [398.43]   Soma CD15 = (4912.90)
CD39 - (443.00,114.00): 13(445.00,135.00) [126.60]  25(333.00,39.00) [1331.40]  28(384.00,162.00) [456.36]  29(438.00,194.00) [801.60]  34(467.00,446.00) [1331.48]  36(456.00,218.00) [628.86]  39(443.00,114.00) [0.00]   Soma CD39 = (4676.30)

* * * Dados de saida * * * 

Valor otimo = 5011.27

Valor maximo = 5011.27
Valor minimo = 4422.50
