Exercício do Centro de Distribuição Parte A 


 Definindo um indice para cada localidade
L0: [201,376]
L1: [75,188]
L2: [236,358]
L3: [268,364]
L4: [102,187]
L5: [131,56]
L6: [144,89]
L7: [225,345]
L8: [192,198]
L9: [344,182]
L10: [338,424]
L11: [18,428]
L12: [449,368]
L13: [445,135]
L14: [178,244]
L15: [30,284]
L16: [285,79]
L17: [81,387]
L18: [311,231]
L19: [83,413]
L20: [99,67]
L21: [257,152]
L22: [111,336]
L23: [428,496]
L24: [16,326]
L25: [333,39]
L26: [206,493]
L27: [215,250]
L28: [384,162]
L29: [438,194]
L30: [188,440]
L31: [201,193]
L32: [299,469]
L33: [383,431]
L34: [467,446]
L35: [137,437]
L36: [456,218]
L37: [185,447]
L38: [443,348]
L39: [443,114]


 Grupo de possíveis centros: [3, 6, 7, 8, 9, 12, 15, 18, 19, 21, 24, 25, 26, 28, 31, 37, 39]


 Definindo a distancia entre C - L
C3: [68.07, 261.2, 32.56, 0.0, 242.66, 337.09, 301.66, 47.01, 182.57, 197.23, 92.2, 258.06, 181.04, 289.43, 150.0, 251.09, 285.51, 188.41, 139.78, 191.38, 341.72, 212.29, 159.48, 207.42, 254.85, 331.44, 143.13, 125.72, 232.94, 240.42, 110.34, 183.66, 109.48, 133.09, 215.23, 149.97, 238.03, 117.38, 175.73, 305.16]
C6: [292.61, 120.67, 284.3, 301.66, 106.62, 35.47, 0.0, 268.51, 119.1, 220.57, 387.12, 361.66, 413.36, 304.49, 158.69, 225.88, 141.35, 304.59, 219.21, 329.69, 50.09, 129.38, 249.19, 496.29, 269.36, 195.5, 408.73, 175.96, 250.86, 312.19, 353.75, 118.6, 410.4, 417.23, 481.43, 348.07, 337.62, 360.34, 395.58, 300.04]
C7: [39.2, 217.14, 17.03, 47.01, 200.23, 303.9, 268.51, 0.0, 150.66, 201.82, 137.88, 223.02, 225.18, 304.14, 111.4, 204.32, 272.68, 150.0, 142.8, 157.44, 305.22, 195.63, 114.35, 253.0, 209.86, 324.5, 149.21, 95.52, 242.43, 261.09, 101.95, 153.88, 144.4, 179.89, 262.23, 127.31, 263.61, 109.56, 218.02, 317.62]
C8: [178.23, 117.43, 165.94, 182.57, 90.67, 154.55, 119.1, 150.66, 0.0, 152.84, 269.06, 288.4, 308.14, 260.73, 48.08, 183.41, 151.03, 219.18, 123.49, 241.05, 160.65, 79.63, 160.02, 380.13, 217.62, 212.51, 295.33, 56.86, 195.35, 246.03, 242.03, 10.3, 291.36, 301.28, 370.31, 245.25, 264.76, 249.1, 292.41, 264.68]
C9: [241.01, 269.07, 206.49, 197.23, 242.05, 247.48, 220.57, 201.82, 152.84, 0.0, 242.07, 408.4, 213.59, 111.4, 177.2, 330.15, 118.7, 333.46, 59.08, 348.54, 270.65, 92.03, 279.29, 325.04, 358.22, 143.42, 340.24, 145.83, 44.72, 94.76, 301.5, 143.42, 290.51, 252.04, 291.25, 328.44, 117.64, 309.04, 193.28, 120.1]
C12: [248.13, 415.06, 213.23, 181.04, 391.37, 445.5, 413.36, 225.18, 308.14, 213.59, 124.33, 435.16, 0.0, 233.03, 298.02, 427.34, 332.29, 368.49, 194.46, 368.76, 461.63, 289.0, 339.51, 129.71, 435.03, 348.85, 273.27, 262.07, 216.01, 174.35, 270.75, 303.53, 180.83, 91.24, 80.05, 319.54, 150.16, 275.57, 20.88, 254.07]
C15: [194.18, 106.02, 218.89, 251.09, 120.8, 249.37, 225.88, 204.32, 183.41, 330.15, 338.33, 144.5, 427.34, 440.94, 153.31, 0.0, 327.18, 114.93, 285.95, 139.46, 227.71, 262.59, 96.25, 450.94, 44.27, 389.66, 273.23, 188.1, 374.43, 417.81, 222.04, 193.71, 326.48, 382.38, 466.06, 186.7, 431.08, 224.93, 417.93, 446.62]
C18: [182.0, 239.89, 147.49, 139.78, 213.58, 251.05, 219.21, 142.8, 123.49, 59.08, 194.88, 353.07, 194.46, 164.84, 133.63, 285.95, 154.21, 277.91, 0.0, 291.73, 268.03, 95.69, 225.89, 289.68, 309.92, 193.26, 282.26, 97.86, 100.45, 132.28, 242.51, 116.38, 238.3, 212.57, 265.63, 269.65, 145.58, 250.06, 176.39, 176.39]
C19: [123.66, 225.14, 162.59, 191.38, 226.8, 360.21, 329.69, 157.44, 241.05, 348.54, 255.24, 66.71, 368.76, 456.43, 193.87, 139.46, 390.33, 26.08, 291.73, 0.0, 346.37, 313.68, 81.93, 354.84, 109.81, 449.86, 146.73, 209.75, 391.92, 417.12, 108.42, 249.65, 223.14, 300.54, 385.42, 59.09, 420.9, 107.52, 365.82, 467.98]
C21: [230.89, 185.53, 207.07, 212.29, 158.9, 158.4, 129.38, 195.63, 79.63, 92.03, 283.8, 365.1, 289.0, 188.77, 121.26, 262.59, 78.19, 293.6, 95.69, 313.68, 179.41, 0.0, 234.89, 384.16, 297.25, 136.18, 344.79, 106.62, 127.39, 185.81, 296.15, 69.4, 319.77, 306.13, 361.3, 309.23, 209.66, 303.66, 270.21, 189.84]
C24: [191.64, 150.08, 222.32, 254.85, 163.45, 293.47, 269.36, 209.86, 217.62, 358.22, 336.58, 102.02, 435.03, 469.6, 181.57, 44.27, 365.2, 89.14, 309.92, 109.81, 271.97, 297.25, 95.52, 445.69, 0.0, 427.62, 252.96, 213.02, 402.89, 442.16, 206.35, 227.85, 317.08, 381.73, 466.69, 164.2, 453.06, 207.85, 427.57, 476.73]
C25: [361.93, 297.93, 333.42, 331.44, 274.34, 202.71, 195.5, 324.5, 212.51, 143.42, 385.03, 500.55, 348.85, 147.51, 257.0, 389.66, 62.48, 429.66, 193.26, 449.86, 235.67, 136.18, 370.8, 466.77, 427.62, 0.0, 471.43, 241.75, 133.15, 187.22, 426.41, 202.83, 431.34, 395.18, 428.49, 443.64, 217.19, 434.01, 328.0, 133.14]
C26: [117.11, 331.94, 138.29, 143.13, 323.19, 443.39, 408.73, 149.21, 295.33, 340.24, 148.95, 198.92, 273.27, 430.45, 250.57, 273.23, 421.47, 163.89, 282.26, 146.73, 439.23, 344.79, 183.5, 222.02, 252.96, 471.43, 0.0, 243.17, 375.83, 378.45, 55.97, 300.04, 96.05, 187.54, 265.2, 88.87, 371.65, 50.57, 277.84, 447.0]
C28: [281.58, 310.09, 245.6, 232.94, 283.11, 274.31, 250.86, 242.43, 195.35, 44.72, 266.01, 452.45, 216.01, 66.71, 221.72, 374.43, 129.19, 377.4, 100.45, 391.92, 300.42, 127.39, 323.74, 336.89, 402.89, 133.15, 375.83, 190.54, 0.0, 62.77, 340.15, 185.61, 318.55, 269.0, 295.88, 369.64, 91.21, 347.6, 195.13, 76.06]
C31: [183.0, 126.1, 168.67, 183.66, 99.18, 153.85, 118.6, 153.88, 10.3, 143.42, 268.57, 297.85, 303.53, 250.8, 55.95, 193.71, 141.61, 228.11, 116.38, 249.65, 162.11, 69.4, 168.96, 378.6, 227.85, 202.83, 300.04, 58.69, 185.61, 237.0, 247.34, 0.0, 292.88, 299.61, 367.1, 252.25, 256.22, 254.5, 287.38, 254.57]
C37: [72.78, 281.39, 102.58, 117.38, 272.93, 394.71, 360.34, 109.56, 249.1, 309.04, 154.72, 168.08, 275.57, 406.13, 203.12, 224.93, 381.34, 120.07, 250.06, 107.52, 389.61, 303.66, 133.41, 247.89, 207.85, 434.01, 50.57, 199.27, 347.6, 357.8, 7.62, 254.5, 116.1, 198.65, 282.0, 49.03, 354.8, 0.0, 276.34, 421.25]
C39: [356.66, 375.37, 319.98, 305.16, 348.73, 317.35, 300.04, 317.62, 264.68, 120.1, 327.3, 528.41, 254.07, 21.1, 295.17, 446.62, 161.83, 453.4, 176.39, 467.98, 347.2, 189.84, 399.38, 382.29, 476.73, 133.14, 447.0, 265.48, 76.06, 80.16, 413.89, 254.57, 383.09, 322.63, 332.87, 444.93, 104.81, 421.25, 234.0, 0.0]


 Centros e as suas Localidades
CD6 - (144,89): CD6L1(75,188)  CD6L4(102,187)  CD6L5(131,56)  CD6L6(144,89)  CD6L8(192,198)  CD6L14(178,244)  CD6L20(99,67)  CD6L27(215,250)  CD6L31(201,193)   Soma CD6 = (5022.23)
CD12 - (449,368): CD12L10(338,424)  CD12L12(449,368)  CD12L23(428,496)  CD12L33(383,431)  CD12L34(467,446)  CD12L38(443,348)   Soma CD12 = (2914.32)
CD24 - (16,326): CD24L11(18,428)  CD24L15(30,284)  CD24L17(81,387)  CD24L22(111,336)  CD24L24(16,326)   Soma CD24 = (1553.12)
CD28 - (384,162): CD28L9(344,182)  CD28L13(445,135)  CD28L16(285,79)  CD28L18(311,231)  CD28L21(257,152)  CD28L25(333,39)  CD28L28(384,162)  CD28L29(438,194)  CD28L36(456,218)  CD28L39(443,114)   Soma CD28 = (5452.67)
CD37 - (185,447): CD37L0(201,376)  CD37L2(236,358)  CD37L3(268,364)  CD37L7(225,345)  CD37L19(83,413)  CD37L26(206,493)  CD37L30(188,440)  CD37L32(299,469)  CD37L35(137,437)  CD37L37(185,447)   Soma CD37 = (4068.86)

* * * Dados de Saida * * *

Valor otimo/Distancia total percorrida = 19011.20

Maximo distancia da soma de cada centos = 5452.67

Minimo distancia da soma de cada centos = 1553.12

Tempo do Programa foi de 0.05 minutos"
